0.000000	0.000000
0.001050	0.000010
0.004194	0.000084
0.009422	0.000283
0.016711	0.000669
0.026032	0.001303
0.037349	0.002244
0.050615	0.003549
0.065779	0.005274
0.082780	0.007470
0.101549	0.010189
0.122013	0.013476
0.144089	0.017374
0.167690	0.021923
0.192723	0.027159
0.219087	0.033112
0.246679	0.039809
0.275389	0.047272
0.305105	0.055520
0.335708	0.064563
0.367079	0.074411
0.399095	0.085064
0.431629	0.096521
0.464555	0.108772
0.497745	0.121806
0.531069	0.135604
0.564398	0.150142
0.597603	0.165392
0.630557	0.181320
0.663134	0.197888
0.695207	0.215053
0.726657	0.232768
0.757362	0.250982
0.787209	0.269639
0.816085	0.288679
0.843882	0.308041
0.870498	0.327658
0.895835	0.347461
0.919801	0.367380
0.942311	0.387342
0.963283	0.407270
0.982645	0.427088
1.000330	0.446720
1.016277	0.466086
1.030434	0.485108
1.042755	0.503708
1.053203	0.521808
1.061748	0.539332
1.068366	0.556203
1.073043	0.572348
1.075771	0.587696
1.076550	0.602177
1.075388	0.615726
1.072300	0.628279
1.067309	0.639777
1.060445	0.650165
1.051745	0.659391
1.041251	0.667409
1.029014	0.674177
1.015089	0.679659
0.999540	0.683822
0.982433	0.686641
0.963842	0.688096
0.943844	0.688171
0.922522	0.686858
0.899962	0.684155
0.876254	0.680065
0.851491	0.674598
0.825770	0.667768
0.799188	0.659599
0.771846	0.650117
0.743846	0.639357
0.715290	0.627358
0.686282	0.614166
0.656924	0.599831
0.627320	0.584409
0.597571	0.567962
0.567778	0.550556
0.538040	0.532262
0.508453	0.513155
0.479113	0.493313
0.450109	0.472819
0.421530	0.451760
0.393461	0.430223
0.365982	0.408301
0.339168	0.386086
0.313092	0.363674
0.287820	0.341160
0.263414	0.318642
0.239930	0.296218
0.217420	0.273984
0.195930	0.252038
0.175498	0.230475
0.156159	0.209389
0.137942	0.188874
0.120868	0.169020
0.104955	0.149914
0.090214	0.131640
0.076649	0.114280
0.064260	0.097911
0.053040	0.082606
0.042979	0.068432
0.034059	0.055453
0.026258	0.043727
0.019550	0.033306
0.013903	0.024238
0.009282	0.016563
0.005646	0.010315
0.002951	0.005522
0.001151	0.002207
0.000195	0.000384
0.000030	0.000061
0.000600	0.001240
0.001847	0.003916
0.003711	0.008075
0.006131	0.013701
0.009045	0.020766
0.012389	0.029239
0.016101	0.039081
0.020116	0.050248
0.024372	0.062688
0.028806	0.076345
0.033357	0.091157
0.037966	0.107057
0.042573	0.123970
0.047123	0.141821
0.051562	0.160527
0.055838	0.180003
0.059904	0.200160
0.063713	0.220905
0.067223	0.242144
0.070396	0.263779
0.073196	0.285710
0.075593	0.307838
0.077559	0.330061
0.079070	0.352276
0.080108	0.374381
0.080658	0.396276
0.080708	0.417859
0.080251	0.439031
0.079287	0.459695
0.077815	0.479755
0.075841	0.499120
0.073376	0.517700
0.070432	0.535409
0.067026	0.552167
0.063179	0.567895
0.058916	0.582522
0.054262	0.595980
0.049248	0.608208
0.043907	0.619147
0.038273	0.628749
0.032384	0.636969
0.026278	0.643770
0.019997	0.649118
0.013582	0.652991
0.007076	0.655371
0.000523	0.656245
-0.006034	0.655611
-0.012551	0.653471
-0.018983	0.649835
-0.025288	0.644719
-0.031425	0.638148
-0.037351	0.630152
-0.043028	0.620767
-0.048418	0.610037
-0.053487	0.598012
-0.058200	0.584746
-0.062528	0.570301
-0.066442	0.554743
-0.069920	0.538144
-0.072938	0.520581
-0.075481	0.502134
-0.077534	0.482888
-0.079086	0.462932
-0.080132	0.442358
-0.080669	0.421261
-0.080699	0.399737
-0.080229	0.377885
-0.079268	0.355806
-0.077830	0.333602
-0.075936	0.311374
-0.073606	0.289224
-0.070868	0.267254
-0.067752	0.245566
-0.064293	0.224257
-0.060529	0.203427
-0.056501	0.183170
-0.052255	0.163579
-0.047839	0.144745
-0.043303	0.126752
-0.038701	0.109684
-0.034089	0.093619
-0.029525	0.078629
-0.025068	0.064783
-0.020779	0.052145
-0.016722	0.040772
-0.012958	0.030716
-0.009551	0.022022
-0.006564	0.014730
-0.004061	0.008874
-0.002104	0.004479
-0.000755	0.001566
-0.000073	0.000148
-0.000118	0.000232
-0.000944	0.001816
-0.002606	0.004895
-0.005155	0.009453
-0.008638	0.015471
-0.013100	0.022921
-0.018581	0.031770
-0.025118	0.041978
-0.032742	0.053500
-0.041483	0.066283
-0.051361	0.080271
-0.062395	0.095400
-0.074597	0.111605
-0.087975	0.128812
-0.102529	0.146945
-0.118256	0.165925
-0.135145	0.185666
-0.153182	0.206081
-0.172344	0.227082
-0.192604	0.248575
-0.213928	0.270467
-0.236279	0.292662
-0.259611	0.315062
-0.283873	0.337572
-0.309011	0.360092
-0.334964	0.382527
-0.361665	0.404780
-0.389043	0.426755
-0.417024	0.448359
-0.445527	0.469501
-0.474468	0.490090
-0.503762	0.510042
-0.533315	0.529271
-0.563036	0.547700
-0.592826	0.565253
-0.622589	0.581857
-0.652223	0.597446
-0.681627	0.611958
-0.710698	0.625336
-0.739333	0.637528
-0.767428	0.648488
-0.794882	0.658176
-0.821591	0.666556
-0.847456	0.673601
-0.872378	0.679286
-0.896261	0.683596
-0.919010	0.686521
-0.940535	0.688055
-0.960749	0.688200
-0.979570	0.686965
-0.996918	0.684362
-1.012720	0.680411
-1.026907	0.675137
-1.039417	0.668572
-1.050192	0.660750
-1.059182	0.651713
-1.066341	0.641507
-1.071632	0.630182
-1.075024	0.617793
-1.076494	0.604399
-1.076025	0.590062
-1.073608	0.574848
-1.069241	0.558825
-1.062932	0.542064
-1.054692	0.524640
-1.044546	0.506626
-1.032520	0.488101
-1.018652	0.469140
-1.002987	0.449824
-0.985576	0.430229
-0.966477	0.410435
-0.945756	0.390520
-0.923486	0.370559
-0.899746	0.350628
-0.874621	0.330801
-0.848202	0.311150
-0.820587	0.291743
-0.791876	0.272647
-0.762176	0.253925
-0.731600	0.235637
-0.700261	0.217839
-0.668279	0.200583
-0.635774	0.183916
-0.602872	0.167884
-0.569698	0.152524
-0.536380	0.137871
-0.503046	0.123953
-0.469827	0.110796
-0.436850	0.098419
-0.404245	0.086835
-0.372138	0.076053
-0.340656	0.066078
-0.309923	0.056907
-0.280058	0.048533
-0.251180	0.040946
-0.223402	0.034128
-0.196835	0.028058
-0.171584	0.022710
-0.147748	0.018054
-0.125423	0.014055
-0.104697	0.010673
-0.085653	0.007867
-0.068366	0.005591
-0.052905	0.003794
-0.039332	0.002426
-0.027702	0.001430
-0.018060	0.000752
-0.010445	0.000330
-0.004888	0.000106
-0.001410	0.000016
-0.000027	0.000000
-0.000742	-0.000006
-0.003554	-0.000065
-0.008450	-0.000240
-0.015413	-0.000592
-0.024413	-0.001183
-0.035415	-0.002071
-0.048374	-0.003314
-0.063240	-0.004969
-0.079952	-0.007087
-0.098445	-0.009719
-0.118644	-0.012912
-0.140469	-0.016711
-0.163833	-0.021154
-0.188644	-0.026278
-0.214803	-0.032114
-0.242207	-0.038692
-0.270747	-0.046032
-0.300310	-0.054153
-0.330780	-0.063069
-0.362037	-0.072788
-0.393958	-0.083313
-0.426418	-0.094642
-0.459290	-0.106768
-0.492446	-0.119679
-0.525758	-0.133356
-0.559095	-0.147778
-0.592328	-0.162917
-0.625331	-0.178739
-0.657976	-0.195208
-0.690138	-0.212281
-0.721695	-0.229912
-0.752527	-0.248050
-0.782518	-0.266640
-0.811555	-0.285624
-0.839531	-0.304938
-0.866342	-0.324519
-0.891889	-0.344298
-0.916080	-0.364203
-0.938827	-0.384163
-0.960049	-0.404101
-0.979672	-0.423942
-0.997628	-0.443609
-1.013855	-0.463022
-1.028301	-0.482105
-1.040917	-0.500777
-1.051666	-0.518962
-1.060516	-0.536583
-1.067442	-0.553563
-1.072428	-0.569829
-1.075467	-0.585308
-1.076556	-0.599932
-1.075702	-0.613633
-1.072920	-0.626349
-1.068231	-0.638019
-1.061663	-0.648587
-1.053252	-0.658001
-1.043040	-0.666215
-1.031077	-0.673184
-1.017417	-0.678873
-1.002122	-0.683248
-0.985259	-0.686283
-0.966899	-0.687956
-0.947120	-0.688252
-0.926003	-0.687160
-0.903634	-0.684679
-0.880103	-0.680809
-0.855502	-0.675560
-0.829927	-0.668946
-0.803475	-0.660989
-0.776248	-0.651714
-0.748346	-0.641155
-0.719871	-0.629350
-0.690928	-0.616345
-0.661619	-0.602188
-0.632047	-0.586935
-0.602315	-0.570648
-0.572522	-0.553390
-0.542768	-0.535232
-0.513151	-0.516249
-0.483765	-0.496519
-0.454702	-0.476123
-0.426050	-0.455148
-0.397894	-0.433681
-0.370315	-0.411814
-0.343391	-0.389640
-0.317193	-0.367252
-0.291788	-0.344749
-0.267241	-0.322225
-0.243607	-0.299779
-0.220938	-0.277508
-0.199282	-0.255510
-0.178679	-0.233879
-0.159164	-0.212712
-0.140767	-0.192100
-0.123510	-0.172134
-0.107411	-0.152903
-0.092483	-0.134491
-0.078731	-0.116981
-0.066154	-0.100449
-0.054749	-0.084969
-0.044505	-0.070611
-0.035404	-0.057437
-0.027427	-0.045508
-0.020547	-0.034876
-0.014733	-0.025590
-0.009951	-0.017690
-0.006160	-0.011213
-0.003319	-0.006187
-0.001380	-0.002635
-0.000293	-0.000574
-0.000006	-0.000012
-0.000463	-0.000952
-0.001606	-0.003390
-0.003376	-0.007314
-0.005711	-0.012707
-0.008551	-0.019545
-0.011831	-0.027796
-0.015488	-0.037424
-0.019459	-0.048383
-0.023681	-0.060624
-0.028090	-0.074091
-0.032627	-0.088724
-0.037230	-0.104455
-0.041842	-0.121211
-0.046405	-0.138918
-0.050865	-0.157494
-0.055170	-0.176853
-0.059272	-0.196908
-0.063125	-0.217565
-0.066685	-0.238732
-0.069915	-0.260310
-0.072776	-0.282202
-0.075239	-0.304305
-0.077276	-0.326519
-0.078861	-0.348742
-0.079975	-0.370872
-0.080603	-0.392807
-0.080733	-0.414446
-0.080358	-0.435691
-0.079474	-0.456442
-0.078083	-0.476604
-0.076189	-0.496086
-0.073801	-0.514797
-0.070932	-0.532650
-0.067599	-0.549565
-0.063821	-0.565462
-0.059622	-0.580269
-0.055028	-0.593918
-0.050069	-0.606345
-0.044778	-0.617493
-0.039188	-0.627312
-0.033337	-0.635754
-0.027263	-0.642783
-0.021007	-0.648365
-0.014611	-0.652474
-0.008116	-0.655092
-0.001568	-0.656207
0.004992	-0.655813
0.011517	-0.653912
0.017966	-0.650513
0.024294	-0.645632
0.030460	-0.639291
0.036423	-0.631520
0.042142	-0.622353
0.047581	-0.611834
0.052703	-0.600012
0.057474	-0.586939
0.061865	-0.572677
0.065848	-0.557292
0.069396	-0.540854
0.072489	-0.523439
0.075109	-0.505127
0.077240	-0.486003
0.078873	-0.466154
0.079999	-0.445673
0.080618	-0.424652
0.080728	-0.403189
0.080337	-0.381383
0.079453	-0.359334
0.078091	-0.337142
0.076267	-0.314911
0.074005	-0.292742
0.071330	-0.270737
0.068272	-0.248997
0.064865	-0.227621
0.061147	-0.206708
0.057159	-0.186354
0.052944	-0.166651
0.048552	-0.147690
0.044031	-0.129558
0.039436	-0.112337
0.034822	-0.096107
0.030246	-0.080941
0.025768	-0.066909
0.021448	-0.054075
0.017350	-0.042496
0.013535	-0.032227
0.010067	-0.023314
0.007009	-0.015796
0.004425	-0.009709
0.002377	-0.005080
0.000927	-0.001930
0.000135	-0.000274
0.000060	-0.000118
0.000758	-0.001464
0.002283	-0.004305
0.004687	-0.008629
0.008019	-0.014416
0.012322	-0.021640
0.017638	-0.030269
0.024005	-0.040263
0.031454	-0.051579
0.040015	-0.064165
0.049711	-0.077965
0.060560	-0.092917
0.072575	-0.108955
0.085765	-0.126008
0.100132	-0.143999
0.115673	-0.162849
0.132378	-0.182474
0.150233	-0.202788
0.169218	-0.223702
0.189305	-0.245123
0.210462	-0.266958
0.232652	-0.289110
0.255831	-0.311485
0.279949	-0.333983
0.304952	-0.356509
0.330779	-0.378964
0.357365	-0.401252
0.384640	-0.423278
0.412530	-0.444947
0.440955	-0.466168
0.469833	-0.486852
0.499076	-0.506910
0.528595	-0.526260
0.558295	-0.544822
0.588081	-0.562519
0.617855	-0.579278
0.647516	-0.595034
0.676964	-0.609721
0.706095	-0.623283
0.734806	-0.635668
0.762994	-0.646827
0.790557	-0.656720
0.817391	-0.665310
0.843398	-0.672569
0.868476	-0.678472
0.892531	-0.683003
0.915466	-0.686148
0.937192	-0.687904
0.957621	-0.688270
0.976669	-0.687253
0.994256	-0.684867
1.010309	-0.681129
1.024758	-0.676064
1.037539	-0.669702
1.048594	-0.662078
1.057871	-0.653232
1.065325	-0.643209
1.070916	-0.632059
1.074612	-0.619835
1.076390	-0.606597
1.076230	-0.592406
1.074123	-0.577327
1.070067	-0.561428
1.064066	-0.544780
1.056133	-0.527456
1.046288	-0.509532
1.034560	-0.491082
1.020983	-0.472186
1.005600	-0.452921
0.988463	-0.433365
0.969629	-0.413598
0.949162	-0.393696
0.927133	-0.373738
0.903622	-0.353797
0.878712	-0.333949
0.852493	-0.314265
0.825061	-0.294815
0.796517	-0.275665
0.766968	-0.256879
0.736524	-0.238518
0.705298	-0.220638
0.673410	-0.203293
0.640981	-0.186529
0.608134	-0.170393
0.574994	-0.154924
0.541691	-0.140156
0.508351	-0.126120
0.475105	-0.112840
0.442081	-0.100337
0.409408	-0.088626
0.377213	-0.077717
0.345623	-0.067613
0.314762	-0.058314
0.284751	-0.049814
0.255708	-0.042102
0.227748	-0.035163
0.200981	-0.028976
0.175513	-0.023515
0.151446	-0.018751
0.128874	-0.014649
0.107887	-0.011172
0.088570	-0.008277
0.070998	-0.005920
0.055242	-0.004050
0.041365	-0.002617
0.029422	-0.001566
0.019461	-0.000841
0.011521	-0.000382
0.005634	-0.000131
0.001824	-0.000024
0.000107	-0.000000
