0.000000	0.000000
0.000000	0.000000
0.000000	0.000000
0.000000	0.000000
0.000000	0.000000
0.000000	0.000000
0.000000	0.000000
0.000000	0.000000
0.000000	0.000000
0.000001	0.000000
0.000001	0.000000
0.000002	0.000000
0.000003	0.000000
0.000005	0.000001
0.000008	0.000001
0.000012	0.000002
0.000018	0.000003
0.000025	0.000004
0.000035	0.000006
0.000049	0.000009
0.000066	0.000013
0.000088	0.000019
0.000115	0.000026
0.000150	0.000035
0.000192	0.000047
0.000243	0.000062
0.000305	0.000081
0.000380	0.000105
0.000468	0.000135
0.000573	0.000171
0.000696	0.000215
0.000839	0.000269
0.001006	0.000333
0.001198	0.000410
0.001418	0.000502
0.001670	0.000610
0.001956	0.000736
0.002280	0.000884
0.002645	0.001057
0.003055	0.001256
0.003513	0.001485
0.004024	0.001749
0.004591	0.002050
0.005218	0.002393
0.005909	0.002782
0.006670	0.003222
0.007503	0.003717
0.008414	0.004274
0.009407	0.004897
0.010486	0.005593
0.011656	0.006367
0.012920	0.007227
0.014284	0.008179
0.015752	0.009229
0.017327	0.010386
0.019014	0.011658
0.020817	0.013051
0.022739	0.014575
0.024783	0.016237
0.026954	0.018047
0.029254	0.020014
0.031686	0.022146
0.034252	0.024453
0.036955	0.026945
0.039796	0.029630
0.042777	0.032519
0.045899	0.035622
0.049162	0.038948
0.052566	0.042508
0.056112	0.046311
0.059798	0.050367
0.063623	0.054686
0.067586	0.059278
0.071684	0.064151
0.075914	0.069316
0.080273	0.074782
0.084757	0.080558
0.089361	0.086651
0.094081	0.093071
0.098910	0.099825
0.103843	0.106921
0.108872	0.114365
0.113990	0.122165
0.119189	0.130326
0.124461	0.138853
0.129797	0.147752
0.135186	0.157026
0.140619	0.166679
0.146084	0.176713
0.151572	0.187131
0.157070	0.197934
0.162567	0.209121
0.168049	0.220693
0.173504	0.232647
0.178919	0.244982
0.184280	0.257695
0.189574	0.270780
0.194787	0.284233
0.199904	0.298048
0.204910	0.312217
0.209792	0.326732
0.214535	0.341585
0.219125	0.356764
0.223546	0.372258
0.227784	0.388056
0.231825	0.404143
0.235654	0.420506
0.239257	0.437130
0.242621	0.453997
0.245732	0.471091
0.248576	0.488393
0.251142	0.505885
0.253416	0.523546
0.255387	0.541356
0.257043	0.559293
0.258373	0.577334
0.259368	0.595457
0.260018	0.613638
0.260314	0.631852
0.260248	0.650073
0.259813	0.668278
0.259002	0.686438
0.257809	0.704529
0.256230	0.722523
0.254262	0.740392
0.251900	0.758110
0.249143	0.775649
0.245990	0.792981
0.242440	0.810078
0.238496	0.826913
0.234157	0.843458
0.229428	0.859686
0.224312	0.875569
0.218815	0.891081
0.212941	0.906195
0.206698	0.920884
0.200093	0.935124
0.193136	0.948889
0.185836	0.962155
0.178204	0.974898
0.170251	0.987096
0.161990	0.998726
0.153434	1.009768
0.144597	1.020200
0.135494	1.030005
0.126141	1.039164
0.116554	1.047659
0.106750	1.055476
0.096746	1.062600
0.086561	1.069017
0.076213	1.074715
0.065722	1.079683
0.055106	1.083913
0.044386	1.087395
0.033582	1.090125
0.022715	1.092096
0.011804	1.093304
0.000871	1.093748
-0.010064	1.093426
-0.020980	1.092339
-0.031855	1.090490
-0.042671	1.087881
-0.053405	1.084518
-0.064039	1.080406
-0.074551	1.075555
-0.084923	1.069972
-0.095136	1.063669
-0.105170	1.056658
-0.115007	1.048950
-0.124630	1.040562
-0.134021	1.031507
-0.143165	1.021804
-0.152045	1.011471
-0.160647	1.000525
-0.168956	0.988987
-0.176958	0.976878
-0.184643	0.964220
-0.191996	0.951036
-0.199009	0.937349
-0.205670	0.923183
-0.211971	0.908563
-0.217904	0.893515
-0.223462	0.878065
-0.228639	0.862240
-0.233430	0.846065
-0.237831	0.829568
-0.241839	0.812778
-0.245451	0.795720
-0.248667	0.778424
-0.251487	0.760916
-0.253912	0.743225
-0.255943	0.725378
-0.257584	0.707402
-0.258837	0.689325
-0.259709	0.671174
-0.260204	0.652975
-0.260328	0.634754
-0.260089	0.616537
-0.259495	0.598350
-0.258554	0.580216
-0.257277	0.562160
-0.255672	0.544205
-0.253750	0.526373
-0.251524	0.508687
-0.249004	0.491167
-0.246203	0.473833
-0.243134	0.456704
-0.239809	0.439800
-0.236243	0.423137
-0.232449	0.406731
-0.228441	0.390599
-0.224233	0.374754
-0.219841	0.359211
-0.215277	0.343981
-0.210557	0.329075
-0.205697	0.314506
-0.200709	0.300281
-0.195608	0.286409
-0.190410	0.272898
-0.185128	0.259754
-0.179777	0.246982
-0.174370	0.234586
-0.168920	0.222571
-0.163441	0.210938
-0.157946	0.199690
-0.152448	0.188826
-0.146957	0.178347
-0.141487	0.168251
-0.136048	0.158538
-0.130652	0.149204
-0.125307	0.140245
-0.120024	0.131659
-0.114813	0.123440
-0.109681	0.115583
-0.104638	0.108083
-0.099689	0.100932
-0.094843	0.094124
-0.090106	0.087651
-0.085482	0.081506
-0.080979	0.075681
-0.076600	0.070167
-0.072349	0.064954
-0.068230	0.060035
-0.064245	0.055399
-0.060398	0.051037
-0.056689	0.046940
-0.053121	0.043097
-0.049694	0.039500
-0.046409	0.036137
-0.043265	0.032999
-0.040262	0.030076
-0.037398	0.027359
-0.034674	0.024837
-0.032086	0.022502
-0.029633	0.020342
-0.027312	0.018350
-0.025121	0.016516
-0.023056	0.014830
-0.021115	0.013285
-0.019293	0.011871
-0.017588	0.010581
-0.015995	0.009406
-0.014511	0.008339
-0.013131	0.007372
-0.011851	0.006498
-0.010666	0.005711
-0.009573	0.005003
-0.008567	0.004369
-0.007643	0.003802
-0.006797	0.003297
-0.006026	0.002849
-0.005323	0.002452
-0.004686	0.002102
-0.004110	0.001794
-0.003591	0.001525
-0.003125	0.001290
-0.002707	0.001086
-0.002335	0.000910
-0.002005	0.000758
-0.001713	0.000628
-0.001456	0.000518
-0.001231	0.000424
-0.001035	0.000345
-0.000864	0.000278
-0.000717	0.000223
-0.000591	0.000177
-0.000484	0.000140
-0.000393	0.000109
-0.000316	0.000085
-0.000252	0.000065
-0.000199	0.000049
-0.000156	0.000037
-0.000120	0.000027
-0.000092	0.000020
-0.000069	0.000014
-0.000051	0.000010
-0.000037	0.000007
-0.000027	0.000005
-0.000019	0.000003
-0.000013	0.000002
-0.000009	0.000001
-0.000006	0.000001
-0.000003	0.000000
-0.000002	0.000000
-0.000001	0.000000
-0.000001	0.000000
-0.000000	0.000000
-0.000000	0.000000
-0.000000	0.000000
-0.000000	0.000000
-0.000000	0.000000
-0.000000	0.000000
-0.000000	0.000000
-0.000000	0.000000
-0.000000	0.000000
-0.000000	-0.000000
-0.000000	-0.000000
-0.000000	-0.000000
-0.000000	-0.000000
-0.000000	-0.000000
-0.000000	-0.000000
-0.000000	-0.000000
-0.000000	-0.000000
-0.000001	-0.000000
-0.000001	-0.000000
-0.000002	-0.000000
-0.000003	-0.000000
-0.000005	-0.000001
-0.000007	-0.000001
-0.000011	-0.000002
-0.000017	-0.000003
-0.000024	-0.000004
-0.000034	-0.000006
-0.000046	-0.000009
-0.000063	-0.000013
-0.000084	-0.000018
-0.000110	-0.000025
-0.000144	-0.000033
-0.000184	-0.000045
-0.000234	-0.000059
-0.000294	-0.000078
-0.000367	-0.000101
-0.000453	-0.000130
-0.000555	-0.000165
-0.000675	-0.000208
-0.000815	-0.000260
-0.000978	-0.000322
-0.001166	-0.000397
-0.001381	-0.000486
-0.001628	-0.000591
-0.001908	-0.000715
-0.002226	-0.000859
-0.002584	-0.001027
-0.002987	-0.001222
-0.003437	-0.001447
-0.003939	-0.001704
-0.004496	-0.001999
-0.005114	-0.002335
-0.005795	-0.002717
-0.006544	-0.003148
-0.007365	-0.003635
-0.008264	-0.004181
-0.009243	-0.004793
-0.010308	-0.005477
-0.011463	-0.006239
-0.012712	-0.007084
-0.014060	-0.008021
-0.015511	-0.009055
-0.017069	-0.010195
-0.018738	-0.011447
-0.020522	-0.012821
-0.022424	-0.014323
-0.024449	-0.015963
-0.026600	-0.017749
-0.028879	-0.019690
-0.031290	-0.021795
-0.033835	-0.024074
-0.036516	-0.026535
-0.039335	-0.029189
-0.042293	-0.032045
-0.045392	-0.035113
-0.048632	-0.038403
-0.052014	-0.041925
-0.055538	-0.045689
-0.059201	-0.049704
-0.063005	-0.053980
-0.066946	-0.058528
-0.071022	-0.063356
-0.075232	-0.068474
-0.079570	-0.073891
-0.084035	-0.079617
-0.088620	-0.085659
-0.093322	-0.092026
-0.098134	-0.098726
-0.103051	-0.105767
-0.108065	-0.113156
-0.113169	-0.120899
-0.118356	-0.129001
-0.123617	-0.137470
-0.128943	-0.146309
-0.134324	-0.155523
-0.139751	-0.165116
-0.145212	-0.175089
-0.150697	-0.185446
-0.156195	-0.196187
-0.161692	-0.207313
-0.167177	-0.218824
-0.172638	-0.230718
-0.178060	-0.242992
-0.183431	-0.255645
-0.188736	-0.268671
-0.193963	-0.282066
-0.199096	-0.295824
-0.204121	-0.309937
-0.209024	-0.324398
-0.213790	-0.339197
-0.218405	-0.354325
-0.222853	-0.369770
-0.227122	-0.385520
-0.231195	-0.401562
-0.235059	-0.417882
-0.238699	-0.434465
-0.242102	-0.451295
-0.245254	-0.468354
-0.248142	-0.485624
-0.250753	-0.503087
-0.253074	-0.520723
-0.255094	-0.538510
-0.256800	-0.556429
-0.258184	-0.574455
-0.259233	-0.592566
-0.259938	-0.610739
-0.260291	-0.628950
-0.260283	-0.647172
-0.259907	-0.665381
-0.259156	-0.683550
-0.258025	-0.701654
-0.256508	-0.719664
-0.254601	-0.737556
-0.252302	-0.755300
-0.249608	-0.772869
-0.246519	-0.790235
-0.243032	-0.807372
-0.239150	-0.824251
-0.234874	-0.840844
-0.230207	-0.857124
-0.225153	-0.873064
-0.219716	-0.888637
-0.213901	-0.903815
-0.207716	-0.918574
-0.201169	-0.932887
-0.194267	-0.946729
-0.187021	-0.960077
-0.179441	-0.972905
-0.171539	-0.985191
-0.163326	-0.996913
-0.154816	-1.008049
-0.146023	-1.018580
-0.136961	-1.028486
-0.127647	-1.037749
-0.118096	-1.046351
-0.108325	-1.054277
-0.098352	-1.061512
-0.088195	-1.068042
-0.077871	-1.073856
-0.067401	-1.078941
-0.056804	-1.083289
-0.046100	-1.086891
-0.035308	-1.089741
-0.024449	-1.091833
-0.013544	-1.093163
-0.002613	-1.093728
0.008323	-1.093528
0.019243	-1.092563
0.030127	-1.090835
0.040953	-1.088347
0.051702	-1.085103
0.062353	-1.081111
0.072886	-1.076377
0.083282	-1.070910
0.093521	-1.064721
0.103584	-1.057821
0.113454	-1.050224
0.123112	-1.041943
0.132542	-1.032993
0.141726	-1.023393
0.150649	-1.013158
0.159296	-1.002308
0.167653	-0.990863
0.175705	-0.978844
0.183441	-0.966272
0.190848	-0.953170
0.197915	-0.939561
0.204633	-0.925470
0.210992	-0.910921
0.216984	-0.895940
0.222602	-0.880552
0.227840	-0.864784
0.232693	-0.848663
0.237156	-0.832216
0.241227	-0.815471
0.244902	-0.798454
0.248182	-0.781193
0.251065	-0.763718
0.253552	-0.746054
0.255646	-0.728229
0.257348	-0.710272
0.258663	-0.692210
0.259595	-0.674068
0.260150	-0.655875
0.260333	-0.637656
0.260151	-0.619437
0.259613	-0.601243
0.258727	-0.583099
0.257502	-0.565029
0.255949	-0.547057
0.254077	-0.529204
0.251898	-0.511493
0.249425	-0.493945
0.246667	-0.476580
0.243640	-0.459418
0.240355	-0.442477
0.236827	-0.425774
0.233068	-0.409326
0.229093	-0.393149
0.224916	-0.377258
0.220552	-0.361665
0.216015	-0.346385
0.211319	-0.331427
0.206480	-0.316803
0.201511	-0.302523
0.196428	-0.288595
0.191244	-0.275025
0.185975	-0.261822
0.180633	-0.248991
0.175234	-0.236535
0.169790	-0.224459
0.164315	-0.212765
0.158822	-0.201455
0.153323	-0.190530
0.147831	-0.179990
0.142357	-0.169833
0.136912	-0.160059
0.131508	-0.150665
0.126154	-0.141647
0.120861	-0.133002
0.115638	-0.124725
0.110493	-0.116811
0.105435	-0.109254
0.100471	-0.102048
0.095608	-0.095186
0.090853	-0.088660
0.086211	-0.082464
0.081688	-0.076588
0.077289	-0.071024
0.073017	-0.065764
0.068877	-0.060799
0.064871	-0.056118
0.061001	-0.051714
0.057271	-0.047575
0.053680	-0.043693
0.050231	-0.040057
0.046923	-0.036657
0.043756	-0.033484
0.040731	-0.030528
0.037845	-0.027779
0.035098	-0.025226
0.032489	-0.022862
0.030015	-0.020675
0.027673	-0.018656
0.025461	-0.016797
0.023377	-0.015089
0.021416	-0.013522
0.019576	-0.012088
0.017852	-0.010779
0.016242	-0.009586
0.014740	-0.008502
0.013344	-0.007520
0.012048	-0.006632
0.010848	-0.005831
0.009741	-0.005111
0.008721	-0.004465
0.007785	-0.003888
0.006927	-0.003373
0.006144	-0.002916
0.005431	-0.002512
0.004784	-0.002154
0.004198	-0.001840
0.003670	-0.001565
0.003196	-0.001325
0.002771	-0.001117
0.002392	-0.000936
0.002055	-0.000781
0.001757	-0.000648
0.001495	-0.000534
0.001265	-0.000438
0.001064	-0.000356
0.000890	-0.000288
0.000739	-0.000231
0.000610	-0.000184
0.000500	-0.000145
0.000406	-0.000114
0.000327	-0.000088
0.000262	-0.000068
0.000207	-0.000051
0.000162	-0.000038
0.000125	-0.000028
0.000096	-0.000021
0.000072	-0.000015
0.000054	-0.000011
0.000039	-0.000007
0.000028	-0.000005
0.000020	-0.000003
0.000014	-0.000002
0.000009	-0.000001
0.000006	-0.000001
0.000004	-0.000000
0.000002	-0.000000
0.000001	-0.000000
0.000001	-0.000000
0.000000	-0.000000
0.000000	-0.000000
0.000000	-0.000000
0.000000	-0.000000
0.000000	-0.000000
0.000000	-0.000000
0.000000	-0.000000
0.000000	-0.000000
0.000000	-0.000000
