0.000000	0.000000
0.000000	0.000000
0.000001	0.000000
0.000005	0.000000
0.000017	0.000001
0.000041	0.000002
0.000084	0.000005
0.000156	0.000011
0.000265	0.000021
0.000423	0.000038
0.000642	0.000064
0.000936	0.000103
0.001319	0.000159
0.001807	0.000236
0.002416	0.000340
0.003164	0.000478
0.004068	0.000656
0.005147	0.000884
0.006420	0.001168
0.007906	0.001520
0.009624	0.001951
0.011594	0.002471
0.013834	0.003093
0.016363	0.003831
0.019201	0.004699
0.022364	0.005710
0.025870	0.006882
0.029736	0.008230
0.033977	0.009770
0.038607	0.011521
0.043640	0.013500
0.049087	0.015724
0.054959	0.018213
0.061265	0.020985
0.068011	0.024058
0.075204	0.027452
0.082847	0.031184
0.090942	0.035273
0.099488	0.039737
0.108483	0.044592
0.117923	0.049857
0.127802	0.055547
0.138111	0.061677
0.148839	0.068261
0.159974	0.075313
0.171500	0.082844
0.183400	0.090865
0.195654	0.099386
0.208243	0.108413
0.221141	0.117954
0.234325	0.128012
0.247765	0.138590
0.261435	0.149688
0.275302	0.161304
0.289335	0.173436
0.303499	0.186077
0.317760	0.199219
0.332080	0.212853
0.346423	0.226966
0.360750	0.241542
0.375021	0.256565
0.389196	0.272016
0.403234	0.287873
0.417096	0.304111
0.430739	0.320704
0.444122	0.337624
0.457205	0.354839
0.469946	0.372317
0.482307	0.390023
0.494246	0.407919
0.505726	0.425967
0.516709	0.444126
0.527159	0.462354
0.537040	0.480607
0.546320	0.498839
0.554965	0.517004
0.562947	0.535054
0.570237	0.552940
0.576808	0.570614
0.582638	0.588025
0.587704	0.605122
0.591987	0.621856
0.595472	0.638175
0.598143	0.654029
0.599989	0.669367
0.601002	0.684141
0.601176	0.698300
0.600509	0.711798
0.598999	0.724587
0.596649	0.736623
0.593465	0.747860
0.589456	0.758258
0.584633	0.767777
0.579009	0.776378
0.572601	0.784025
0.565429	0.790687
0.557515	0.796331
0.548884	0.800932
0.539561	0.804463
0.529577	0.806904
0.518963	0.808237
0.507752	0.808446
0.495980	0.807520
0.483684	0.805452
0.470903	0.802237
0.457677	0.797875
0.444047	0.792369
0.430057	0.785726
0.415749	0.777957
0.401169	0.769077
0.386360	0.759105
0.371369	0.748063
0.356241	0.735977
0.341020	0.722878
0.325753	0.708798
0.310484	0.693776
0.295257	0.677851
0.280116	0.661068
0.265103	0.643475
0.250258	0.625120
0.235623	0.606059
0.221236	0.586347
0.207133	0.566042
0.193348	0.545207
0.179916	0.523903
0.166867	0.502198
0.154229	0.480157
0.142029	0.457849
0.130290	0.435346
0.119034	0.412717
0.108280	0.390034
0.098042	0.367371
0.088334	0.344800
0.079167	0.322394
0.070548	0.300225
0.062481	0.278367
0.054968	0.256890
0.048008	0.235865
0.041596	0.215361
0.035726	0.195446
0.030388	0.176186
0.025570	0.157645
0.021256	0.139886
0.017429	0.122966
0.014068	0.106944
0.011152	0.091872
0.008656	0.077801
0.006552	0.064780
0.004812	0.052850
0.003405	0.042054
0.002300	0.032428
0.001461	0.024003
0.000855	0.016810
0.000444	0.010871
0.000191	0.006207
0.000059	0.002835
0.000008	0.000765
0.000000	0.000004
-0.000005	0.000556
-0.000046	0.002418
-0.000163	0.005583
-0.000394	0.010042
-0.000777	0.015779
-0.001350	0.022775
-0.002149	0.031005
-0.003210	0.040442
-0.004566	0.051054
-0.006251	0.062805
-0.008295	0.075656
-0.010727	0.089562
-0.013575	0.104478
-0.016863	0.120353
-0.020614	0.137133
-0.024849	0.154763
-0.029586	0.173183
-0.034841	0.192333
-0.040625	0.212148
-0.046950	0.232562
-0.053823	0.253509
-0.061247	0.274919
-0.069226	0.296722
-0.077758	0.318845
-0.086838	0.341219
-0.096460	0.363768
-0.106614	0.386422
-0.117288	0.409106
-0.128465	0.431748
-0.140128	0.454277
-0.152256	0.476620
-0.164826	0.498708
-0.177812	0.520472
-0.191185	0.541844
-0.204915	0.562758
-0.218970	0.583151
-0.233314	0.602962
-0.247913	0.622131
-0.262726	0.640601
-0.277715	0.658319
-0.292839	0.675234
-0.308055	0.691299
-0.323320	0.706468
-0.338591	0.720700
-0.353821	0.733958
-0.368968	0.746207
-0.383984	0.757417
-0.398824	0.767561
-0.413444	0.776617
-0.427798	0.784563
-0.441842	0.791386
-0.455532	0.797074
-0.468825	0.801619
-0.481680	0.805017
-0.494056	0.807268
-0.505914	0.808375
-0.517217	0.808346
-0.527928	0.807191
-0.538015	0.804925
-0.547444	0.801566
-0.556188	0.797135
-0.564218	0.791654
-0.571510	0.785153
-0.578040	0.777660
-0.583790	0.769209
-0.588742	0.759834
-0.592882	0.749574
-0.596198	0.738467
-0.598680	0.726556
-0.600324	0.713883
-0.601127	0.700495
-0.601086	0.686438
-0.600206	0.671759
-0.598492	0.656507
-0.595952	0.640732
-0.592596	0.624484
-0.588439	0.607813
-0.583496	0.590770
-0.577787	0.573406
-0.571332	0.555771
-0.564155	0.537915
-0.556282	0.519887
-0.547740	0.501738
-0.538559	0.483513
-0.528772	0.465261
-0.518410	0.447026
-0.507510	0.428853
-0.496106	0.410784
-0.484237	0.392861
-0.471941	0.375123
-0.459258	0.357606
-0.446227	0.340346
-0.432889	0.323377
-0.419284	0.306730
-0.405455	0.290434
-0.391442	0.274515
-0.377286	0.258998
-0.363027	0.243905
-0.348707	0.229256
-0.334364	0.215069
-0.320038	0.201358
-0.305765	0.188137
-0.291583	0.175415
-0.277527	0.163202
-0.263631	0.151503
-0.249928	0.140322
-0.236449	0.129662
-0.223223	0.119521
-0.210277	0.109899
-0.197638	0.100789
-0.185328	0.092189
-0.173370	0.084088
-0.161784	0.076480
-0.150586	0.069352
-0.139792	0.062695
-0.129416	0.056493
-0.119468	0.050735
-0.109957	0.045403
-0.100890	0.040483
-0.092272	0.035958
-0.084106	0.031811
-0.076391	0.028023
-0.069127	0.024577
-0.062310	0.021454
-0.055934	0.018635
-0.049994	0.016102
-0.044480	0.013837
-0.039382	0.011820
-0.034688	0.010035
-0.030386	0.008462
-0.026462	0.007085
-0.022899	0.005886
-0.019682	0.004850
-0.016794	0.003960
-0.014217	0.003203
-0.011932	0.002563
-0.009920	0.002027
-0.008164	0.001584
-0.006642	0.001220
-0.005336	0.000925
-0.004228	0.000689
-0.003297	0.000504
-0.002525	0.000360
-0.001895	0.000251
-0.001389	0.000170
-0.000991	0.000111
-0.000684	0.000070
-0.000454	0.000042
-0.000287	0.000023
-0.000170	0.000012
-0.000094	0.000006
-0.000046	0.000002
-0.000020	0.000001
-0.000007	0.000000
-0.000001	0.000000
-0.000000	0.000000
-0.000000	0.000000
-0.000000	-0.000000
-0.000001	-0.000000
-0.000004	-0.000000
-0.000014	-0.000001
-0.000036	-0.000002
-0.000076	-0.000004
-0.000142	-0.000010
-0.000245	-0.000019
-0.000394	-0.000035
-0.000603	-0.000059
-0.000884	-0.000096
-0.001251	-0.000149
-0.001721	-0.000222
-0.002310	-0.000322
-0.003035	-0.000454
-0.003913	-0.000625
-0.004963	-0.000844
-0.006204	-0.001119
-0.007654	-0.001459
-0.009334	-0.001877
-0.011262	-0.002382
-0.013458	-0.002987
-0.015940	-0.003706
-0.018727	-0.004551
-0.021838	-0.005539
-0.025288	-0.006684
-0.029096	-0.008003
-0.033276	-0.009511
-0.037843	-0.011227
-0.042811	-0.013168
-0.048192	-0.015353
-0.053995	-0.017798
-0.060231	-0.020524
-0.066907	-0.023548
-0.074029	-0.026889
-0.081600	-0.030566
-0.089622	-0.034597
-0.098096	-0.039000
-0.107020	-0.043792
-0.116390	-0.048991
-0.126200	-0.054612
-0.136441	-0.060670
-0.147103	-0.067181
-0.158174	-0.074158
-0.169638	-0.081612
-0.181480	-0.089554
-0.193680	-0.097995
-0.206217	-0.106941
-0.219067	-0.116400
-0.232207	-0.126375
-0.245609	-0.136870
-0.259244	-0.147885
-0.273082	-0.159419
-0.287090	-0.171469
-0.301236	-0.184030
-0.315484	-0.197093
-0.329797	-0.210649
-0.344139	-0.224687
-0.358471	-0.239190
-0.372753	-0.254144
-0.386946	-0.269528
-0.401009	-0.285321
-0.414902	-0.301500
-0.428582	-0.318039
-0.442010	-0.334908
-0.455143	-0.352079
-0.467942	-0.369517
-0.480365	-0.387189
-0.492374	-0.405058
-0.503930	-0.423084
-0.514995	-0.441229
-0.525532	-0.459448
-0.535506	-0.477700
-0.544883	-0.495938
-0.553632	-0.514117
-0.561721	-0.532189
-0.569123	-0.550105
-0.575811	-0.567815
-0.581760	-0.585272
-0.586949	-0.602422
-0.591358	-0.619217
-0.594971	-0.635606
-0.597772	-0.651537
-0.599751	-0.666961
-0.600897	-0.681827
-0.601205	-0.696088
-0.600671	-0.709694
-0.599295	-0.722600
-0.597079	-0.734758
-0.594028	-0.746126
-0.590150	-0.756660
-0.585455	-0.766321
-0.579957	-0.775071
-0.573673	-0.782873
-0.566622	-0.789693
-0.558825	-0.795502
-0.550305	-0.800270
-0.541091	-0.803973
-0.531210	-0.806589
-0.520694	-0.808100
-0.509576	-0.808488
-0.497891	-0.807744
-0.485676	-0.805858
-0.472969	-0.802826
-0.459811	-0.798646
-0.446243	-0.793322
-0.432307	-0.786859
-0.418047	-0.779269
-0.403507	-0.770565
-0.388732	-0.760765
-0.373767	-0.749892
-0.358657	-0.737971
-0.343449	-0.725031
-0.328186	-0.711105
-0.312914	-0.696230
-0.297678	-0.680446
-0.282520	-0.663797
-0.267483	-0.646329
-0.252610	-0.628092
-0.237939	-0.609140
-0.223509	-0.589528
-0.209358	-0.569313
-0.195521	-0.548558
-0.182031	-0.527325
-0.168918	-0.505679
-0.156213	-0.483687
-0.143942	-0.461417
-0.132128	-0.438940
-0.120794	-0.416326
-0.109958	-0.393647
-0.099637	-0.370976
-0.089845	-0.348386
-0.080591	-0.325948
-0.071884	-0.303737
-0.063729	-0.281825
-0.056128	-0.260282
-0.049079	-0.239180
-0.042581	-0.218589
-0.036625	-0.198575
-0.031203	-0.179207
-0.026303	-0.160548
-0.021910	-0.142659
-0.018006	-0.125602
-0.014573	-0.109433
-0.011588	-0.094206
-0.009026	-0.079973
-0.006862	-0.066781
-0.005066	-0.054676
-0.003608	-0.043696
-0.002457	-0.033881
-0.001578	-0.025263
-0.000937	-0.017872
-0.000498	-0.011732
-0.000222	-0.006864
-0.000074	-0.003285
-0.000012	-0.001007
-0.000000	-0.000037
0.000003	-0.000380
0.000036	-0.002034
0.000138	-0.004992
0.000348	-0.009246
0.000704	-0.014781
0.001244	-0.021577
0.002005	-0.029613
0.003022	-0.038860
0.004329	-0.049287
0.005959	-0.060859
0.007944	-0.073537
0.010313	-0.087279
0.013092	-0.102037
0.016308	-0.117763
0.019985	-0.134402
0.024141	-0.151901
0.028797	-0.170199
0.033968	-0.189237
0.039668	-0.208950
0.045906	-0.229274
0.052691	-0.250140
0.060028	-0.271481
0.067918	-0.293226
0.076362	-0.315303
0.085355	-0.337642
0.094892	-0.360168
0.104962	-0.382810
0.115553	-0.405494
0.126652	-0.428148
0.138239	-0.450699
0.150294	-0.473077
0.162795	-0.495210
0.175717	-0.517030
0.189030	-0.538469
0.202706	-0.559460
0.216711	-0.579941
0.231012	-0.599848
0.245572	-0.619123
0.260354	-0.637708
0.275318	-0.655550
0.290423	-0.672596
0.305627	-0.688799
0.320888	-0.704114
0.336160	-0.718498
0.351400	-0.731913
0.366563	-0.744325
0.381603	-0.755703
0.396474	-0.766018
0.411132	-0.775248
0.425532	-0.783373
0.439628	-0.790376
0.453377	-0.796245
0.466736	-0.800972
0.479664	-0.804553
0.492119	-0.806986
0.504062	-0.808275
0.515455	-0.808426
0.526263	-0.807450
0.536451	-0.805360
0.545988	-0.802174
0.554843	-0.797911
0.562988	-0.792596
0.570399	-0.786256
0.577052	-0.778919
0.582927	-0.770618
0.588008	-0.761388
0.592277	-0.751266
0.595725	-0.740291
0.598341	-0.728505
0.600119	-0.715951
0.601055	-0.702674
0.601149	-0.688720
0.600403	-0.674137
0.598821	-0.658973
0.596411	-0.643278
0.593185	-0.627102
0.589154	-0.610495
0.584335	-0.593507
0.578747	-0.576191
0.572409	-0.558595
0.565345	-0.540771
0.557581	-0.522768
0.549144	-0.504634
0.540063	-0.486419
0.530370	-0.468168
0.520097	-0.449927
0.509280	-0.431741
0.497954	-0.413653
0.486157	-0.395704
0.473927	-0.377934
0.461302	-0.360379
0.448324	-0.343077
0.435032	-0.326059
0.421467	-0.309359
0.407671	-0.293005
0.393684	-0.277024
0.379548	-0.261442
0.365304	-0.246280
0.350990	-0.231559
0.336648	-0.217297
0.322317	-0.203509
0.308033	-0.190209
0.293834	-0.177407
0.279756	-0.165113
0.265832	-0.153332
0.252096	-0.142068
0.238579	-0.131325
0.225311	-0.121102
0.212319	-0.111397
0.199629	-0.102206
0.187266	-0.093525
0.175250	-0.085345
0.163603	-0.077659
0.152343	-0.070456
0.141484	-0.063724
0.131040	-0.057451
0.121023	-0.051623
0.111442	-0.046224
0.102304	-0.041240
0.093615	-0.036653
0.085376	-0.032447
0.077590	-0.028603
0.070254	-0.025103
0.063366	-0.021930
0.056920	-0.019064
0.050911	-0.016487
0.045330	-0.014181
0.040166	-0.012126
0.035409	-0.010304
0.031046	-0.008699
0.027062	-0.007291
0.023443	-0.006066
0.020172	-0.005005
0.017233	-0.004093
0.014607	-0.003315
0.012277	-0.002658
0.010223	-0.002106
0.008427	-0.001649
0.006869	-0.001273
0.005531	-0.000968
0.004392	-0.000723
0.003434	-0.000530
0.002638	-0.000380
0.001987	-0.000266
0.001462	-0.000181
0.001048	-0.000119
0.000727	-0.000075
0.000486	-0.000045
0.000310	-0.000026
0.000186	-0.000014
0.000104	-0.000007
0.000052	-0.000003
0.000023	-0.000001
0.000008	-0.000000
0.000002	-0.000000
0.000000	-0.000000
0.000000	-0.000000
